# node_id lt_threshold
0 0.417557
1 0.842908
2 0.362930
3 0.102743
4 0.382915
5 0.016269
6 0.616155
7 0.110809
8 0.130532
9 0.839453
10 0.930037
11 0.218906
12 0.263107
13 0.696170
14 0.373298
15 0.623928
16 0.544180
17 0.643777
18 0.234545
19 0.966822
20 0.865642
21 0.188378
22 0.046148
23 0.865303
24 0.182884
25 0.545740
26 0.530316
27 0.834122
28 0.905410
29 0.257389
30 0.574163
31 0.247515
32 0.907702
33 0.163704
34 0.506231
35 0.431371
36 0.459437
37 0.279626
38 0.393660
39 0.083026
40 0.260668
41 0.535313
42 0.277329
43 0.582939
44 0.506574
45 0.377846
46 0.006350
47 0.654093
48 0.261833
49 0.955423
50 0.592509
51 0.311360
52 0.266978
53 0.919391
54 0.348192
55 0.155286
56 0.718921
57 0.403921
58 0.592927
59 0.339828
60 0.062083
61 0.220572
62 0.852234
63 0.554199
64 0.434454
65 0.060861
66 0.476510
67 0.935340
68 0.257653
69 0.658942
70 0.355348
71 0.056747
72 0.848314
73 0.368732
74 0.010965
75 0.794358
76 0.593728
77 0.015876
78 0.888155
79 0.569974
80 0.302867
81 0.801152
82 0.526548
83 0.466771
84 0.226056
85 0.254579
86 0.142535
87 0.992421
88 0.570949
89 0.618133
90 0.843657
91 0.546281
92 0.957941
93 0.250009
94 0.837779
95 0.365604
96 0.059323
97 0.179258
98 0.650070
99 0.637247
100 0.524968
101 0.065078
102 0.782430
103 0.508087
104 0.474723
105 0.831878
106 0.073197
107 0.983466
108 0.909251
109 0.798163
110 0.959812
111 0.446732
112 0.031105
113 0.273458
114 0.816958
115 0.742268
116 0.876839
117 0.882520
118 0.670754
119 0.752606
120 0.346471
121 0.907812
122 0.124496
123 0.062816
124 0.097433
125 0.055879
126 0.993803
127 0.909641
128 0.920706
129 0.769832
130 0.401205
131 0.299685
132 0.171580
133 0.697024
134 0.516411
135 0.055457
136 0.306119
137 0.787176
138 0.248981
139 0.662760
140 0.157461
141 0.138045
142 0.608694
143 0.285535
144 0.209521
145 0.440142
146 0.125026
147 0.165771
148 0.329941
149 0.938585
150 0.189261
151 0.474389
152 0.103011
153 0.768208
154 0.552935
155 0.727723
156 0.417387
157 0.411209
158 0.256698
159 0.044708
160 0.880285
161 0.203941
162 0.809432
163 0.724990
164 0.649784
165 0.923147
166 0.055598
167 0.074413
168 0.852788
169 0.341992
170 0.820459
171 0.124294
172 0.211814
173 0.632311
174 0.416138
175 0.519953
176 0.477275
177 0.911840
178 0.518824
179 0.325894
180 0.855212
181 0.563933
182 0.188554
183 0.161581
184 0.544678
185 0.200684
186 0.712199
187 0.351361
188 0.992896
189 0.685680
190 0.356580
191 0.041402
192 0.311563
193 0.055139
194 0.827912
195 0.321471
196 0.887253
197 0.617360
198 0.742154
199 0.324323
200 0.621539
201 0.625875
202 0.926839
203 0.371221
204 0.816294
205 0.490019
206 0.740504
207 0.515028
208 0.788655
209 0.045602
210 0.322876
211 0.735194
212 0.195719
213 0.499333
214 0.529062
215 0.234955
216 0.932250
217 0.057673
218 0.108053
219 0.718447
220 0.570821
221 0.063395
222 0.062547
223 0.016721
224 0.652129
225 0.787633
226 0.701817
227 0.779290
228 0.279378
229 0.969822
230 0.087795
231 0.474366
232 0.330198
233 0.206418
234 0.349234
235 0.772379
236 0.126456
237 0.858527
238 0.388627
239 0.918495
240 0.471116
241 0.148933
242 0.980276
243 0.685449
244 0.700344
245 0.574038
246 0.826167
247 0.602566
248 0.128467
249 0.787443
250 0.734576
251 0.113472
252 0.705566
253 0.551806
254 0.810349
255 0.657160
256 0.192049
257 0.074746
258 0.308023
259 0.407964
260 0.871025
261 0.464828
262 0.087003
263 0.485979
264 0.419856
265 0.420170
266 0.728146
267 0.420232
268 0.123631
269 0.711851
270 0.992907
271 0.006353
272 0.975591
273 0.074077
274 0.317030
275 0.500338
276 0.568238
277 0.575305
278 0.395931
279 0.261796
280 0.204653
281 0.116328
282 0.383010
283 0.198389
284 0.751628
285 0.206947
286 0.819708
287 0.957878
288 0.568642
289 0.523976
290 0.858991
291 0.048573
292 0.720082
293 0.889049
294 0.561113
295 0.942526
296 0.942354
297 0.265647
298 0.245829
299 0.766825
300 0.311943
301 0.539380
302 0.679994
303 0.345471
304 0.183944
305 0.744519
306 0.378503
307 0.318966
308 0.419381
309 0.323247
310 0.163688
311 0.416205
312 0.990737
313 0.232362
314 0.889757
315 0.838729
316 0.207299
317 0.584012
318 0.948175
319 0.143994
320 0.368980
321 0.904613
322 0.956709
323 0.641962
324 0.616380
325 0.034316
326 0.779655
327 0.637214
328 0.009135
329 0.379427
330 0.171985
331 0.398986
332 0.235895
333 0.391190
334 0.647043
335 0.406224
336 0.797210
337 0.036937
338 0.685648
339 0.827357
340 0.427117
341 0.413188
342 0.980093
343 0.730088
344 0.040346
345 0.217596
346 0.533507
347 0.337882
348 0.312789
349 0.360114
350 0.786631
351 0.242280
352 0.749380
353 0.703941
354 0.690843
355 0.928168
356 0.037144
357 0.727827
358 0.965047
359 0.510334
360 0.895732
361 0.091286
362 0.289013
363 0.380837
364 0.748629
365 0.378131
366 0.001669
367 0.248536
368 0.178144
369 0.800542
370 0.949749
371 0.377061
372 0.257558
373 0.998867
374 0.193209
375 0.715190
376 0.833013
377 0.598491
378 0.543974
379 0.386212
380 0.536752
381 0.332164
382 0.965319
383 0.228269
384 0.143416
385 0.619581
386 0.383319
387 0.352851
388 0.113818
389 0.208899
390 0.412202
391 0.598317
392 0.777087
393 0.233210
394 0.839594
395 0.252609
396 0.126792
397 0.344550
398 0.682745
399 0.445974
400 0.040194
401 0.457491
402 0.835177
403 0.529339
404 0.642669
405 0.396400
406 0.473448
407 0.689670
408 0.117003
409 0.049563
410 0.688444
411 0.208563
412 0.687963
413 0.318152
414 0.885309
415 0.717732
416 0.343011
417 0.824395
418 0.581461
419 0.433317
420 0.020017
421 0.141246
422 0.769646
423 0.850507
424 0.222304
425 0.725881
426 0.011077
427 0.456253
428 0.689991
429 0.861778
430 0.457575
431 0.281092
432 0.062547
433 0.599494
434 0.974777
435 0.080299
436 0.375477
437 0.144334
438 0.903447
439 0.115093
440 0.442397
441 0.136084
442 0.959719
443 0.516173
444 0.551506
445 0.812037
446 0.412639
447 0.900227
448 0.930380
449 0.258736
450 0.523563
451 0.046362
452 0.815583
453 0.132490
454 0.836806
455 0.914392
456 0.822520
457 0.582570
458 0.131263
459 0.995924
460 0.651861
461 0.236882
462 0.844834
463 0.284718
464 0.954205
465 0.143823
466 0.492692
467 0.929547
468 0.617583
469 0.143618
470 0.844618
471 0.604772
472 0.333643
473 0.196773
474 0.360678
475 0.887239
476 0.149226
477 0.152859
478 0.364534
479 0.871434
480 0.135653
481 0.658124
482 0.514965
483 0.535654
484 0.455586
485 0.275025
486 0.416421
487 0.085441
488 0.980879
489 0.957173
490 0.898026
491 0.168355
492 0.317427
493 0.853200
494 0.306821
495 0.593898
496 0.593445
497 0.555842
498 0.890630
499 0.328133
500 0.012097
501 0.440175
502 0.800079
503 0.125916
504 0.856856
505 0.523319
506 0.275571
507 0.741958
508 0.826598
509 0.642213
510 0.210789
511 0.807399
512 0.270009
513 0.460673
514 0.304310
515 0.695452
516 0.742204
517 0.396972
518 0.429614
519 0.580057
520 0.073395
521 0.050732
522 0.383118
523 0.777383
524 0.996936
525 0.764426
526 0.313908
527 0.564884
528 0.215489
529 0.916844
530 0.042234
531 0.129013
532 0.254336
533 0.599073
534 0.534682
535 0.412133
536 0.199357
537 0.814607
538 0.782124
539 0.886814
540 0.832450
541 0.532226
542 0.719810
543 0.364267
544 0.508801
545 0.391576
546 0.354600
547 0.270958
548 0.270044
549 0.834761
550 0.806353
551 0.722299
552 0.331971
553 0.137408
554 0.315278
555 0.786792
556 0.535267
557 0.353635
558 0.659189
559 0.442813
560 0.595000
561 0.034026
562 0.124953
563 0.114605
564 0.296573
565 0.554857
566 0.581851
567 0.692320
568 0.412397
569 0.628948
570 0.201056
571 0.855788
572 0.063256
573 0.333204
574 0.803840
575 0.393531
576 0.575732
577 0.493064
578 0.642192
579 0.870442
580 0.575344
581 0.045966
582 0.712264
583 0.011562
584 0.491065
585 0.292045
586 0.603027
587 0.001657
588 0.008135
589 0.581695
590 0.241097
591 0.789999
592 0.977782
593 0.354958
594 0.988703
595 0.858257
596 0.170280
597 0.499459
598 0.177072
599 0.470911
600 0.264492
601 0.950920
602 0.507680
603 0.955209
604 0.677504
605 0.249288
606 0.981645
607 0.890306
608 0.650116
609 0.036238
610 0.882834
611 0.401292
612 0.181799
613 0.233486
614 0.121318
615 0.375821
616 0.922222
617 0.557926
618 0.331825
619 0.426752
620 0.264033
621 0.808983
622 0.321200
623 0.875554
624 0.530330
625 0.662838
626 0.371931
627 0.801577
628 0.213222
629 0.828144
630 0.691005
631 0.018977
632 0.257102
633 0.183675
634 0.263070
635 0.373441
636 0.911672
637 0.962285
638 0.731921
639 0.373672
640 0.559039
641 0.493189
642 0.038872
643 0.246425
644 0.396828
645 0.438323
646 0.231458
647 0.155891
648 0.623810
649 0.964947
650 0.858663
651 0.870104
652 0.831723
653 0.864300
654 0.218522
655 0.977726
656 0.420598
657 0.725487
658 0.090422
659 0.015968
660 0.201317
661 0.297786
662 0.733339
663 0.755239
664 0.711779
665 0.937405
666 0.303195
667 0.345460
668 0.220110
669 0.427840
670 0.506815
671 0.268815
672 0.568077
673 0.772917
674 0.064879
675 0.669450
676 0.050175
677 0.650128
678 0.303445
679 0.825052
680 0.338167
681 0.798404
682 0.051050
683 0.029586
684 0.309638
685 0.562161
686 0.990010
687 0.009073
688 0.284381
689 0.940491
690 0.049581
691 0.693533
692 0.284981
693 0.558646
694 0.954728
695 0.699244
696 0.168725
697 0.036516
698 0.086447
699 0.026428
700 0.625752
701 0.630362
702 0.944396
703 0.362516
704 0.793800
705 0.446915
706 0.455836
707 0.792346
708 0.938553
709 0.156510
710 0.932019
711 0.203692
712 0.955614
713 0.465995
714 0.983476
715 0.719300
716 0.501975
717 0.917929
718 0.692901
719 0.824413
720 0.217389
721 0.216314
722 0.094688
723 0.416840
724 0.922067
725 0.780927
726 0.480371
727 0.224592
728 0.879887
729 0.488660
730 0.611099
731 0.407908
732 0.625361
733 0.323639
734 0.724246
735 0.085903
736 0.733338
737 0.825475
738 0.483514
739 0.154913
740 0.561039
741 0.410540
742 0.220540
743 0.062769
744 0.302092
745 0.677714
746 0.796977
747 0.143188
748 0.890213
749 0.634912
750 0.506108
751 0.308698
752 0.093520
753 0.122533
754 0.726302
755 0.412185
756 0.459907
757 0.603619
758 0.916395
759 0.966270
760 0.021562
761 0.153999
762 0.700209
763 0.627829
764 0.701027
765 0.493999
766 0.221116
767 0.374891
768 0.941813
769 0.093398
770 0.839940
771 0.602505
772 0.028810
773 0.098568
774 0.920872
775 0.417769
776 0.102644
777 0.566657
778 0.250060
779 0.787468
780 0.593792
781 0.469444
782 0.533331
783 0.135391
784 0.954673
785 0.072572
786 0.175199
787 0.657416
788 0.269988
789 0.077694
790 0.669783
791 0.913617
792 0.744658
793 0.101627
794 0.796530
795 0.713161
796 0.764436
797 0.449302
798 0.864586
799 0.648080
800 0.950036
801 0.601300
802 0.340580
803 0.806964
804 0.315080
805 0.571692
806 0.563347
807 0.940021
808 0.884874
809 0.501473
810 0.763930
811 0.064273
812 0.574721
813 0.435360
814 0.632534
815 0.866905
816 0.446521
817 0.782993
818 0.134427
819 0.190669
820 0.450715
821 0.574010
822 0.027925
823 0.760896
824 0.280144
825 0.976268
826 0.136091
827 0.753175
828 0.318812
829 0.337632
830 0.998843
831 0.017286
832 0.352050
833 0.932729
834 0.980697
835 0.470308
836 0.853858
837 0.731912
838 0.522174
839 0.901588
840 0.091773
841 0.524214
842 0.312348
843 0.233299
844 0.345037
845 0.766535
846 0.984750
847 0.086594
848 0.096061
849 0.206066
850 0.698279
851 0.237198
852 0.115969
853 0.047724
854 0.925857
855 0.803244
856 0.032397
857 0.393281
858 0.198037
859 0.188490
860 0.318611
861 0.071988
862 0.386217
863 0.509316
864 0.650477
865 0.128319
866 0.072758
867 0.885190
868 0.146285
869 0.592004
870 0.073755
871 0.047158
872 0.708480
873 0.032186
874 0.815598
875 0.922600
876 0.295662
877 0.050131
878 0.019457
879 0.944764
880 0.885119
881 0.459415
882 0.963134
883 0.712721
884 0.423878
885 0.382517
886 0.327331
887 0.373086
888 0.718221
889 0.539241
890 0.475436
891 0.497750
892 0.460279
893 0.665616
894 0.822814
895 0.581942
896 0.306790
897 0.134690
898 0.867351
899 0.229365
900 0.853583
901 0.163069
902 0.735844
903 0.172928
904 0.259996
905 0.866517
906 0.201855
907 0.913273
908 0.169740
909 0.407133
910 0.973577
911 0.662802
912 0.617360
913 0.600001
914 0.404257
915 0.908178
916 0.414638
917 0.890217
918 0.028260
919 0.270962
920 0.118325
921 0.238984
922 0.959584
923 0.996057
924 0.116674
925 0.616278
926 0.561287
927 0.811450
928 0.795249
929 0.478109
930 0.784809
931 0.859959
932 0.337137
933 0.565058
934 0.422963
935 0.389996
936 0.790740
937 0.791093
938 0.662379
939 0.459294
940 0.446786
941 0.572303
942 0.708606
943 0.587054
944 0.595452
945 0.038219
946 0.173022
947 0.385778
948 0.202828
949 0.250540
950 0.928394
951 0.554778
952 0.497795
953 0.223751
954 0.439387
955 0.505797
956 0.810691
957 0.817764
958 0.243117
959 0.739964
960 0.259704
961 0.921369
962 0.239369
963 0.556713
964 0.028458
965 0.614605
966 0.707357
967 0.041570
968 0.142346
969 0.133971
970 0.876794
971 0.103451
972 0.041376
973 0.897725
974 0.037769
975 0.940704
976 0.458332
977 0.572357
978 0.172803
979 0.176329
980 0.395919
981 0.840079
982 0.893819
983 0.182470
984 0.983497
985 0.351035
986 0.850965
987 0.040650
988 0.331438
989 0.845143
990 0.792471
991 0.616548
992 0.461047
993 0.020769
994 0.991320
995 0.583460
996 0.290115
997 0.462688
998 0.777659
999 0.965941
1000 0.943051
1001 0.572838
1002 0.559680
1003 0.483053
1004 0.928883
1005 0.240931
1006 0.145836
1007 0.215468
1008 0.857447
1009 0.872441
1010 0.340404
1011 0.919780
1012 0.883339
1013 0.920466
1014 0.452936
1015 0.921506
1016 0.536862
1017 0.783460
1018 0.620271
1019 0.719192
1020 0.415770
1021 0.389319
1022 0.729488
1023 0.685200
1024 0.021415
1025 0.549798
1026 0.851539
1027 0.703223
1028 0.176639
1029 0.536524
1030 0.497765
1031 0.926187
1032 0.970229
1033 0.747855
1034 0.321543
1035 0.314746
1036 0.183371
1037 0.345623
1038 0.359847
1039 0.475864
1040 0.972439
1041 0.807967
1042 0.135947
1043 0.429517
1044 0.556687
1045 0.295775
1046 0.919901
1047 0.098384
1048 0.241461
1049 0.651480
1050 0.077949
1051 0.981425
1052 0.463348
1053 0.670894
1054 0.347310
1055 0.122080
1056 0.774626
1057 0.318133
1058 0.579723
1059 0.463644
1060 0.679982
1061 0.736632
1062 0.268858
1063 0.268423
1064 0.644021
1065 0.296616
1066 0.025904
1067 0.141455
1068 0.430265
1069 0.106494
1070 0.372745
1071 0.284193
1072 0.112985
1073 0.813168
1074 0.098992
1075 0.697994
1076 0.233533
1077 0.606373
1078 0.728539
1079 0.935913
1080 0.191474
1081 0.690181
1082 0.268268
1083 0.837425
1084 0.895820
1085 0.288194
1086 0.737240
1087 0.129890
1088 0.568307
1089 0.454703
1090 0.366709
1091 0.296669
1092 0.042726
1093 0.370997
1094 0.563744
1095 0.414276
1096 0.278608
1097 0.850475
1098 0.995761
1099 0.475036
1100 0.503708
1101 0.718354
1102 0.076128
1103 0.904636
1104 0.295426
1105 0.180314
1106 0.395002
1107 0.455610
1108 0.983999
1109 0.292518
1110 0.180346
1111 0.175238
1112 0.713797
1113 0.992791
1114 0.401410
1115 0.769289
1116 0.627802
1117 0.073297
1118 0.747269
1119 0.061226
1120 0.076066
1121 0.320076
1122 0.342607
1123 0.185668
1124 0.890310
1125 0.301273
1126 0.701513
1127 0.901723
1128 0.508799
1129 0.655668
1130 0.593450
1131 0.200362
1132 0.029291
1133 0.546069
1134 0.228643
1135 0.862261
1136 0.306761
1137 0.493506
1138 0.457081
1139 0.493411
1140 0.051780
1141 0.754592
1142 0.869624
1143 0.787752
1144 0.557867
1145 0.669379
1146 0.469450
1147 0.072778
1148 0.201580
1149 0.298102
1150 0.892614
1151 0.170571
1152 0.151050
1153 0.229856
1154 0.439927
1155 0.720203
1156 0.952544
1157 0.570659
1158 0.169912
1159 0.383269
1160 0.242163
1161 0.786304
1162 0.356817
1163 0.905144
1164 0.088624
1165 0.538586
1166 0.688431
1167 0.549707
1168 0.950477
1169 0.035092
1170 0.106880
1171 0.890089
1172 0.113968
1173 0.763597
1174 0.834329
1175 0.476479
1176 0.280527
1177 0.009152
1178 0.284692
1179 0.822578
1180 0.606146
1181 0.595694
1182 0.788829
1183 0.192661
1184 0.345899
1185 0.212426
1186 0.611957
1187 0.181350
1188 0.752539
1189 0.769499
1190 0.895520
1191 0.779218
1192 0.432162
1193 0.428470
1194 0.210846
1195 0.754758
1196 0.807464
1197 0.203373
1198 0.259568
1199 0.867575
1200 0.346065
1201 0.439038
1202 0.089661
1203 0.924937
1204 0.508348
1205 0.340210
1206 0.277626
1207 0.755529
1208 0.601054
1209 0.942648
1210 0.797830
1211 0.098790
1212 0.036531
1213 0.980068
1214 0.925957
1215 0.128941
1216 0.236810
1217 0.067305
1218 0.565989
1219 0.483492
1220 0.959602
1221 0.170729
1222 0.854775
1223 0.312888
1224 0.003474
1225 0.010053
1226 0.699197
1227 0.420534
1228 0.660662
1229 0.901569
1230 0.971010
1231 0.733342
1232 0.587778
1233 0.581129
1234 0.567812
1235 0.699313
1236 0.970892
1237 0.713026
1238 0.305355
1239 0.521363
1240 0.545653
1241 0.907862
1242 0.746397
1243 0.010992
1244 0.646564
1245 0.298948
1246 0.348387
1247 0.095257
1248 0.467580
1249 0.484294
1250 0.171569
1251 0.718005
1252 0.018558
1253 0.810265
1254 0.520616
1255 0.702764
1256 0.869211
1257 0.407293
1258 0.186982
1259 0.342508
1260 0.817832
1261 0.187334
1262 0.616374
1263 0.812553
1264 0.112504
1265 0.937640
1266 0.190762
1267 0.174431
1268 0.527627
1269 0.324669
1270 0.520921
1271 0.744716
1272 0.904093
1273 0.883529
1274 0.436748
1275 0.301189
1276 0.909167
1277 0.090454
1278 0.050432
1279 0.969685
1280 0.339762
1281 0.750307
1282 0.672044
1283 0.992416
1284 0.067628
1285 0.906462
1286 0.967103
1287 0.063376
1288 0.527750
1289 0.552944
1290 0.183726
1291 0.841448
1292 0.704812
1293 0.064160
1294 0.524185
1295 0.446077
1296 0.915256
1297 0.812774
1298 0.914016
1299 0.969813
1300 0.459314
1301 0.472518
1302 0.181999
1303 0.953097
1304 0.651963
1305 0.530250
1306 0.041326
1307 0.926698
1308 0.317877
1309 0.146830
1310 0.449732
1311 0.449055
1312 0.595642
1313 0.969633
1314 0.762464
1315 0.923064
1316 0.212433
1317 0.073446
1318 0.091103
1319 0.975667
1320 0.553208
1321 0.982999
1322 0.042143
1323 0.415817
1324 0.960773
1325 0.283491
1326 0.988636
1327 0.712801
1328 0.988349
1329 0.501483
1330 0.143941
1331 0.365083
1332 0.360632
1333 0.224491
1334 0.197663
1335 0.279871
1336 0.152487
1337 0.794384
1338 0.745122
1339 0.198510
1340 0.621033
1341 0.898389
1342 0.678392
1343 0.940534
1344 0.317732
1345 0.644498
1346 0.936821
1347 0.869497
1348 0.777669
1349 0.951787
1350 0.844020
1351 0.153725
1352 0.363671
1353 0.109415
1354 0.160638
1355 0.437121
1356 0.250875
1357 0.847284
1358 0.193905
1359 0.910936
1360 0.550411
1361 0.962957
1362 0.878288
1363 0.198718
1364 0.782750
1365 0.501433
1366 0.447835
1367 0.678940
1368 0.091159
1369 0.756929
1370 0.076687
1371 0.615249
1372 0.666120
1373 0.231551
1374 0.443946
1375 0.534737
1376 0.728474
1377 0.328602
1378 0.784985
1379 0.892926
1380 0.264399
1381 0.676549
1382 0.084344
1383 0.175919
1384 0.158011
1385 0.553944
1386 0.302707
1387 0.282856
1388 0.087477
1389 0.916606
1390 0.488926
1391 0.443954
1392 0.037731
1393 0.954407
1394 0.256066
1395 0.277203
1396 0.829133
1397 0.220297
1398 0.800207
1399 0.825600
1400 0.019500
1401 0.860523
1402 0.697434
1403 0.633189
1404 0.872536
1405 0.276624
1406 0.685034
1407 0.578789
1408 0.585459
1409 0.838159
1410 0.361110
1411 0.101307
1412 0.805490
1413 0.388256
1414 0.953353
1415 0.636981
1416 0.783447
1417 0.055034
1418 0.500724
1419 0.825525
1420 0.311748
1421 0.605178
1422 0.540514
1423 0.617216
1424 0.043546
1425 0.581999
1426 0.736178
1427 0.450405
1428 0.207192
1429 0.737443
1430 0.782970
1431 0.509270
1432 0.161650
1433 0.419994
1434 0.216036
1435 0.853777
1436 0.390841
1437 0.160646
1438 0.325140
1439 0.032898
1440 0.014040
1441 0.201705
1442 0.139610
1443 0.235082
1444 0.895269
1445 0.670673
1446 0.321192
1447 0.565457
1448 0.577144
1449 0.130750
1450 0.825937
1451 0.651522
1452 0.565841
1453 0.703771
1454 0.542539
1455 0.334906
1456 0.849325
1457 0.715601
1458 0.152781
1459 0.205987
1460 0.236876
1461 0.957490
1462 0.681365
1463 0.415548
1464 0.532067
1465 0.925435
1466 0.158138
1467 0.038232
1468 0.250254
1469 0.617272
1470 0.749671
1471 0.231755
1472 0.657222
1473 0.745941
1474 0.982383
1475 0.786708
1476 0.870941
1477 0.729282
1478 0.174591
1479 0.027479
1480 0.798248
1481 0.299955
1482 0.750831
1483 0.432142
1484 0.343060
1485 0.412774
1486 0.927041
1487 0.893156
1488 0.162302
1489 0.797999
1490 0.071282
1491 0.646012
1492 0.313650
1493 0.430236
1494 0.099298
1495 0.789516
1496 0.617370
1497 0.282275
1498 0.840474
1499 0.028735
1500 0.002595
1501 0.637597
1502 0.980505
1503 0.932723
1504 0.470397
1505 0.331550
1506 0.091091
1507 0.243025
1508 0.112581
1509 0.869204
1510 0.614801
1511 0.413473
1512 0.912599
1513 0.786058
1514 0.550716
1515 0.454129
1516 0.486684
1517 0.324024
1518 0.186812
1519 0.018606
1520 0.982444
1521 0.741438
1522 0.228020
1523 0.499123
1524 0.496962
1525 0.261011
1526 0.668780
1527 0.148274
1528 0.250594
1529 0.360571
1530 0.890765
1531 0.213320
1532 0.189018
1533 0.841635
1534 0.711744
1535 0.419776
1536 0.406068
1537 0.477560
1538 0.991466
1539 0.668194
1540 0.924047
1541 0.257782
1542 0.737851
1543 0.755928
1544 0.495790
1545 0.822860
1546 0.532118
1547 0.281656
1548 0.371596
1549 0.671066
1550 0.596972
1551 0.192342
1552 0.226191
1553 0.318857
1554 0.531166
1555 0.413235
1556 0.348083
1557 0.500190
1558 0.154093
1559 0.547654
1560 0.041336
1561 0.505425
1562 0.284682
1563 0.035791
1564 0.431145
1565 0.099868
1566 0.421044
1567 0.079153
1568 0.090589
1569 0.045843
1570 0.394992
1571 0.153334
1572 0.817144
1573 0.422068
1574 0.817610
1575 0.791967
1576 0.640579
1577 0.518434
1578 0.121708
1579 0.757921
1580 0.439271
1581 0.277605
1582 0.845574
1583 0.524671
1584 0.336614
1585 0.139115
1586 0.003591
1587 0.787337
1588 0.170270
1589 0.381098
1590 0.027594
1591 0.978504
1592 0.924764
1593 0.880154
1594 0.833966
1595 0.560142
1596 0.294601
1597 0.065039
1598 0.976544
1599 0.791986
1600 0.217247
1601 0.408925
1602 0.184503
1603 0.923492
1604 0.658857
1605 0.088229
1606 0.701386
1607 0.505715
1608 0.717981
1609 0.612897
1610 0.132661
1611 0.162372
1612 0.633257
1613 0.040939
1614 0.696640
1615 0.399176
1616 0.132245
1617 0.714406
1618 0.276426
1619 0.160724
1620 0.456063
1621 0.806962
1622 0.667241
1623 0.193666
1624 0.561547
1625 0.726811
1626 0.230373
1627 0.886388
1628 0.461539
1629 0.617317
1630 0.298210
1631 0.813223
1632 0.000279
1633 0.826787
1634 0.145791
1635 0.031053
1636 0.674731
1637 0.394467
1638 0.088400
1639 0.627567
1640 0.601431
1641 0.284661
1642 0.516275
1643 0.680973
1644 0.575570
1645 0.272730
1646 0.543413
1647 0.174510
1648 0.492296
1649 0.578365
1650 0.603833
1651 0.747558
1652 0.765454
1653 0.048575
1654 0.097889
1655 0.766363
1656 0.675779
1657 0.344101
1658 0.874207
1659 0.574383
1660 0.394006
1661 0.655906
1662 0.427772
1663 0.358117
1664 0.674981
1665 0.516634
1666 0.386389
1667 0.619152
1668 0.450204
1669 0.033194
1670 0.160651
1671 0.107207
1672 0.331532
1673 0.386675
1674 0.730205
1675 0.649606
1676 0.156595
1677 0.705464
1678 0.538937
1679 0.781938
1680 0.635445
1681 0.147721
1682 0.144264
1683 0.386887
1684 0.164378
1685 0.583285
1686 0.496305
1687 0.959098
1688 0.267547
1689 0.781183
1690 0.573881
1691 0.328049
1692 0.443335
1693 0.836087
1694 0.783791
1695 0.296494
1696 0.744792
1697 0.185073
1698 0.724144
1699 0.743376
1700 0.678016
1701 0.939347
1702 0.932560
1703 0.598228
1704 0.713766
1705 0.398633
1706 0.394235
1707 0.259154
1708 0.274300
1709 0.291819
1710 0.828670
1711 0.002239
1712 0.760490
1713 0.009450
1714 0.511747
1715 0.797573
1716 0.493338
1717 0.604009
1718 0.035709
1719 0.467848
1720 0.814257
1721 0.501978
1722 0.573216
1723 0.587172
1724 0.742596
1725 0.941617
1726 0.163909
1727 0.037030
1728 0.942918
1729 0.892785
1730 0.242073
1731 0.086177
1732 0.367950
1733 0.166960
1734 0.481967
1735 0.408300
1736 0.792404
1737 0.970684
1738 0.091467
1739 0.750029
1740 0.817470
1741 0.368394
1742 0.305912
1743 0.751582
1744 0.847191
1745 0.915383
1746 0.990307
1747 0.058401
1748 0.886493
1749 0.853130
1750 0.758963
1751 0.922671
1752 0.272605
1753 0.874319
1754 0.306098
1755 0.788085
1756 0.747705
1757 0.887640
1758 0.137484
1759 0.940947
1760 0.222501
1761 0.198801
1762 0.216693
1763 0.231584
1764 0.343821
1765 0.419852
1766 0.444139
1767 0.738282
1768 0.740522
1769 0.668770
1770 0.327812
1771 0.369071
1772 0.786407
1773 0.022392
1774 0.027326
1775 0.947458
1776 0.616481
1777 0.543605
1778 0.274937
1779 0.147145
1780 0.381957
1781 0.488230
1782 0.744586
1783 0.225192
1784 0.758006
1785 0.344920
1786 0.983494
1787 0.648515
1788 0.201349
1789 0.002527
1790 0.650837
1791 0.393845
1792 0.764675
1793 0.676502
1794 0.964658
1795 0.281224
1796 0.402502
1797 0.655181
1798 0.253275
1799 0.592113
1800 0.741302
1801 0.251120
1802 0.508842
1803 0.357159
1804 0.156302
1805 0.422074
1806 0.639544
1807 0.586744
1808 0.616115
1809 0.381027
1810 0.614066
1811 0.868541
1812 0.730676
1813 0.696736
1814 0.464182
1815 0.789252
1816 0.040121
1817 0.004407
1818 0.541344
1819 0.186998
1820 0.096140
1821 0.150668
1822 0.787268
1823 0.517062
1824 0.652618
1825 0.053711
1826 0.630360
1827 0.436191
1828 0.512173
1829 0.191897
1830 0.874145
1831 0.298988
1832 0.283565
1833 0.783522
1834 0.908708
1835 0.259796
1836 0.949390
1837 0.677021
1838 0.834774
1839 0.503147
1840 0.373800
1841 0.907953
1842 0.824255
1843 0.005513
1844 0.012594
1845 0.273073
1846 0.249251
1847 0.873945
1848 0.725483
1849 0.783825
1850 0.454781
1851 0.445990
1852 0.069229
1853 0.889131
1854 0.157351
1855 0.291288
1856 0.365947
1857 0.000060
1858 0.145447
1859 0.367158
1860 0.137560
1861 0.643029
1862 0.338865
1863 0.847013
1864 0.914536
1865 0.234900
1866 0.972476
1867 0.907252
1868 0.458057
1869 0.822864
1870 0.381523
1871 0.363120
1872 0.230866
1873 0.249657
1874 0.632474
1875 0.968640
1876 0.289802
1877 0.827787
1878 0.262674
1879 0.224661
1880 0.092358
1881 0.140714
1882 0.939409
1883 0.221500
1884 0.041565
1885 0.655196
1886 0.896652
1887 0.797557
1888 0.682231
1889 0.937010
1890 0.842506
1891 0.700083
1892 0.834545
1893 0.074366
1894 0.621091
1895 0.233947
1896 0.019921
1897 0.048227
1898 0.476448
1899 0.885317
1900 0.262472
1901 0.566283
1902 0.533796
1903 0.733321
1904 0.670553
1905 0.679399
1906 0.187433
1907 0.581739
1908 0.894659
1909 0.513455
1910 0.112276
1911 0.572357
1912 0.035366
1913 0.508386
1914 0.551741
1915 0.818977
1916 0.195652
1917 0.550639
1918 0.730869
1919 0.651876
1920 0.607208
1921 0.813717
1922 0.798146
1923 0.143165
1924 0.976504
1925 0.897639
1926 0.743523
1927 0.698058
1928 0.190845
1929 0.006085
1930 0.695549
1931 0.280117
1932 0.861363
1933 0.546594
1934 0.954293
1935 0.316205
1936 0.594844
1937 0.992936
1938 0.303472
1939 0.040615
1940 0.616500
1941 0.045744
1942 0.259817
1943 0.007616
1944 0.865074
1945 0.483423
1946 0.111367
1947 0.643619
1948 0.441635
1949 0.284576
1950 0.045328
1951 0.309802
1952 0.361213
1953 0.073603
1954 0.385361
1955 0.976902
1956 0.331843
1957 0.898432
1958 0.507052
1959 0.427806
1960 0.456274
1961 0.241627
1962 0.262848
1963 0.452244
1964 0.284224
1965 0.763095
1966 0.923071
1967 0.526887
1968 0.310844
1969 0.318811
1970 0.381920
1971 0.907297
1972 0.546086
1973 0.188828
1974 0.151350
1975 0.925957
1976 0.989830
1977 0.519922
1978 0.658270
1979 0.027950
1980 0.951894
1981 0.667002
1982 0.709826
1983 0.718951
1984 0.161932
1985 0.476440
1986 0.869330
1987 0.433960
1988 0.268715
1989 0.962586
1990 0.210478
1991 0.952939
1992 0.118586
1993 0.229021
1994 0.565851
1995 0.522776
1996 0.516049
1997 0.772772
1998 0.533519
1999 0.759040
2000 0.164196
2001 0.287730
2002 0.028622
2003 0.629636
2004 0.072908
2005 0.198444
2006 0.822028
2007 0.197224
2008 0.951414
2009 0.300092
2010 0.590729
2011 0.205616
2012 0.648032
2013 0.920178
2014 0.986364
2015 0.301536
2016 0.636971
2017 0.732512
2018 0.186183
2019 0.485131
2020 0.785457
2021 0.585790
2022 0.506639
2023 0.791454
2024 0.686687
2025 0.486700
2026 0.962110
2027 0.565226
2028 0.972426
2029 0.280167
2030 0.112383
2031 0.396893
2032 0.524792
2033 0.680871
2034 0.057696
2035 0.803598
2036 0.754855
2037 0.492778
2038 0.800933
2039 0.583304
2040 0.694308
2041 0.464335
2042 0.420914
2043 0.678318
2044 0.696305
2045 0.749929
2046 0.801708
2047 0.868620
2048 0.564933
2049 0.270097
2050 0.547277
2051 0.901517
2052 0.730016
2053 0.657305
2054 0.936678
2055 0.659499
2056 0.946734
2057 0.325353
2058 0.575100
2059 0.957821
2060 0.651622
2061 0.626371
2062 0.123938
2063 0.774066
2064 0.052894
2065 0.300542
2066 0.884208
2067 0.344868
2068 0.598990
2069 0.573295
2070 0.407210
2071 0.249176
2072 0.404608
2073 0.044461
2074 0.177307
2075 0.278529
2076 0.789512
2077 0.953657
2078 0.457652
2079 0.838185
2080 0.298695
2081 0.154420
2082 0.494739
2083 0.753020
2084 0.544020
2085 0.053696
2086 0.892544
2087 0.456821
2088 0.470153
2089 0.211557
2090 0.696826
2091 0.646132
2092 0.204053
2093 0.345342
2094 0.408192
2095 0.641079
2096 0.892850
2097 0.920467
2098 0.028486
2099 0.242495
2100 0.772559
2101 0.663156
2102 0.088742
2103 0.037410
2104 0.765694
2105 0.408273
2106 0.342353
2107 0.869010
2108 0.710755
2109 0.724919
2110 0.879707
2111 0.008374
2112 0.641094
2113 0.438229
2114 0.849468
2115 0.099176
2116 0.030597
2117 0.026871
2118 0.110590
2119 0.748957
2120 0.535020
2121 0.582689
2122 0.514966
2123 0.163258
2124 0.058295
2125 0.490784
2126 0.477217
2127 0.555580
2128 0.205872
2129 0.548464
2130 0.218906
2131 0.476599
2132 0.145422
2133 0.429495
2134 0.260684
2135 0.685261
2136 0.700505
2137 0.826668
2138 0.119197
2139 0.793870
2140 0.789983
2141 0.434775
2142 0.443593
2143 0.782626
2144 0.353095
2145 0.061195
2146 0.530585
2147 0.166641
2148 0.857416
2149 0.041224
2150 0.823578
2151 0.519616
2152 0.040891
2153 0.694105
2154 0.159006
2155 0.454716
2156 0.502512
2157 0.338710
2158 0.129485
2159 0.936955
2160 0.345488
2161 0.222352
2162 0.078173
2163 0.596465
2164 0.533645
2165 0.114809
2166 0.725312
2167 0.534212
2168 0.331146
2169 0.680453
2170 0.068841
2171 0.511816
2172 0.565123
2173 0.749038
2174 0.594299
2175 0.484464
2176 0.444493
2177 0.706566
2178 0.752570
2179 0.887916
2180 0.560688
2181 0.571713
2182 0.486583
2183 0.160756
2184 0.958396
2185 0.750989
2186 0.501406
2187 0.132588
2188 0.516258
2189 0.351613
2190 0.036909
2191 0.447128
2192 0.394940
2193 0.969597
2194 0.310746
2195 0.551187
2196 0.619025
2197 0.009814
2198 0.958917
2199 0.349393
2200 0.222874
2201 0.863328
2202 0.096203
2203 0.210653
2204 0.209441
2205 0.967264
2206 0.936331
2207 0.590847
2208 0.389813
2209 0.895946
2210 0.075676
2211 0.662129
2212 0.106652
2213 0.922389
2214 0.603042
2215 0.637175
2216 0.238847
2217 0.089990
2218 0.229584
2219 0.555937
2220 0.393520
2221 0.889795
2222 0.150814
2223 0.089030
2224 0.645111
2225 0.883588
2226 0.818102
2227 0.768201
2228 0.669145
2229 0.029813
2230 0.330285
2231 0.335860
2232 0.654869
2233 0.969169
2234 0.654530
2235 0.192183
2236 0.041789
2237 0.992077
2238 0.299480
2239 0.480614
2240 0.157333
2241 0.622305
2242 0.796072
2243 0.326363
2244 0.892085
2245 0.279888
2246 0.921397
2247 0.241133
2248 0.413551
2249 0.693504
2250 0.106103
2251 0.484342
2252 0.333684
2253 0.682946
2254 0.047929
2255 0.520560
2256 0.659255
2257 0.582717
2258 0.232170
2259 0.230857
2260 0.204218
2261 0.395889
2262 0.905188
2263 0.274900
2264 0.139610
2265 0.711732
2266 0.022153
2267 0.556684
2268 0.485920
2269 0.459400
2270 0.629482
2271 0.055178
2272 0.225915
2273 0.957240
2274 0.938328
2275 0.957417
2276 0.363236
2277 0.982797
2278 0.572991
2279 0.693503
2280 0.121172
2281 0.614391
2282 0.814614
2283 0.727377
2284 0.896243
2285 0.763341
2286 0.531367
2287 0.269222
2288 0.280642
2289 0.483408
2290 0.310020
2291 0.447830
2292 0.147481
2293 0.832602
2294 0.394439
2295 0.411938
2296 0.492738
2297 0.814326
2298 0.304613
2299 0.037100
2300 0.112188
2301 0.050313
2302 0.761461
2303 0.955457
2304 0.649266
2305 0.034212
2306 0.556969
2307 0.732655
2308 0.256051
2309 0.783053
2310 0.309239
2311 0.227182
2312 0.401523
2313 0.411239
2314 0.672544
2315 0.545934
2316 0.994041
2317 0.562355
2318 0.563995
2319 0.085047
2320 0.315967
2321 0.744310
2322 0.215057
2323 0.324308
2324 0.200773
2325 0.861506
2326 0.092476
2327 0.443746
2328 0.406545
2329 0.447341
2330 0.260387
2331 0.223033
2332 0.085425
2333 0.931011
2334 0.093368
2335 0.691769
2336 0.677087
2337 0.360889
2338 0.931027
2339 0.342945
2340 0.053503
2341 0.217897
2342 0.551114
2343 0.233443
2344 0.315525
2345 0.396880
2346 0.137241
2347 0.234581
2348 0.527144
2349 0.258375
2350 0.644036
2351 0.923753
2352 0.650903
2353 0.368140
2354 0.387261
2355 0.986082
2356 0.917813
2357 0.743100
2358 0.316500
2359 0.094414
2360 0.422390
2361 0.009665
2362 0.566806
2363 0.412625
2364 0.244049
2365 0.152617
2366 0.069978
2367 0.949412
2368 0.761405
2369 0.815774
2370 0.558380
2371 0.450255
2372 0.551935
2373 0.553859
2374 0.811028
2375 0.393177
2376 0.728520
2377 0.725701
2378 0.638834
2379 0.037811
2380 0.293338
2381 0.818348
2382 0.714641
2383 0.021956
2384 0.496488
2385 0.452045
2386 0.232016
2387 0.755023
2388 0.934984
2389 0.767496
2390 0.933317
2391 0.972780
2392 0.109836
2393 0.941751
2394 0.928820
2395 0.340562
2396 0.266307
2397 0.980027
2398 0.562209
2399 0.883962
2400 0.065788
2401 0.428339
2402 0.461946
2403 0.799504
2404 0.459947
2405 0.102277
2406 0.819187
2407 0.532401
2408 0.954357
2409 0.750283
2410 0.512808
2411 0.519567
2412 0.690440
2413 0.133340
2414 0.139669
2415 0.160518
2416 0.840488
2417 0.001790
2418 0.568359
2419 0.392598
2420 0.790173
2421 0.237518
2422 0.956256
2423 0.852601
2424 0.005374
2425 0.695187
2426 0.026569
2427 0.244541
2428 0.727025
2429 0.814491
2430 0.217790
2431 0.651164
2432 0.797313
2433 0.957247
2434 0.837595
2435 0.999688
2436 0.171720
2437 0.636287
2438 0.842657
2439 0.252400
2440 0.779055
2441 0.840197
2442 0.785457
2443 0.905717
2444 0.459318
2445 0.653576
2446 0.733168
2447 0.638275
2448 0.881861
2449 0.796849
2450 0.220789
2451 0.665794
2452 0.799237
2453 0.717967
2454 0.547795
2455 0.018842
2456 0.098998
2457 0.919997
2458 0.600318
2459 0.951961
2460 0.765926
2461 0.228841
2462 0.728715
2463 0.395075
2464 0.203607
2465 0.050926
2466 0.347350
2467 0.259711
2468 0.180847
2469 0.341512
2470 0.359248
2471 0.617999
2472 0.442932
2473 0.395514
2474 0.163806
2475 0.190603
2476 0.286859
2477 0.569344
2478 0.290995
2479 0.448481
2480 0.700221
2481 0.668351
2482 0.147545
2483 0.685324
2484 0.562776
2485 0.531973
2486 0.327298
2487 0.588146
2488 0.943962
2489 0.165324
2490 0.714913
2491 0.129904
2492 0.147896
2493 0.131319
2494 0.222319
2495 0.123303
2496 0.170678
2497 0.393038
2498 0.498861
2499 0.201810
2500 0.078647
2501 0.043683
2502 0.864187
2503 0.625631
2504 0.112000
2505 0.781472
2506 0.856616
2507 0.241771
2508 0.339435
2509 0.076147
2510 0.934061
2511 0.003126
2512 0.674021
2513 0.154054
2514 0.577411
2515 0.519489
2516 0.746258
2517 0.468373
2518 0.796399
2519 0.981343
2520 0.027058
2521 0.460602
2522 0.652285
2523 0.815307
2524 0.501438
2525 0.336558
2526 0.096825
2527 0.250951
2528 0.777899
2529 0.357972
2530 0.700035
2531 0.630045
2532 0.226213
2533 0.424309
2534 0.855548
2535 0.729779
2536 0.633995
2537 0.883264
2538 0.500320
2539 0.137519
2540 0.629858
2541 0.103350
2542 0.487159
2543 0.735197
2544 0.781673
2545 0.786541
2546 0.368350
2547 0.179423
2548 0.692039
2549 0.615821
2550 0.253709
2551 0.821212
2552 0.455043
2553 0.939228
2554 0.279101
2555 0.213516
2556 0.001520
2557 0.013645
2558 0.619991
2559 0.016038
2560 0.678268
2561 0.505014
2562 0.487425
2563 0.115144
2564 0.241452
2565 0.143668
2566 0.617471
2567 0.300144
2568 0.554222
2569 0.530449
2570 0.120109
2571 0.976785
2572 0.730040
2573 0.960002
2574 0.121618
2575 0.006311
2576 0.905832
2577 0.832127
2578 0.974664
2579 0.894233
2580 0.955943
2581 0.661036
2582 0.756461
2583 0.786805
2584 0.933793
2585 0.014672
2586 0.029421
2587 0.440310
2588 0.512036
2589 0.611674
2590 0.342610
2591 0.261359
2592 0.559730
2593 0.514418
2594 0.124582
2595 0.373360
2596 0.119971
2597 0.770776
2598 0.150370
2599 0.439518
2600 0.050456
2601 0.306693
2602 0.622542
2603 0.690957
2604 0.774607
2605 0.083829
2606 0.580159
2607 0.687231
2608 0.595502
2609 0.016103
2610 0.382339
2611 0.775631
2612 0.603315
2613 0.120385
2614 0.348383
2615 0.342960
2616 0.302222
2617 0.745838
2618 0.101789
2619 0.845512
2620 0.736504
2621 0.505356
2622 0.909541
2623 0.830405
2624 0.625738
2625 0.692632
2626 0.911212
2627 0.336203
2628 0.279969
2629 0.076218
2630 0.673787
2631 0.188576
2632 0.411677
2633 0.112470
2634 0.958213
2635 0.393243
2636 0.784170
2637 0.253374
2638 0.344218
2639 0.171057
2640 0.067329
2641 0.024180
2642 0.839706
2643 0.254611
2644 0.882605
2645 0.081040
2646 0.083587
2647 0.636334
2648 0.720106
2649 0.471252
2650 0.695071
2651 0.888087
2652 0.316280
2653 0.701300
2654 0.083910
2655 0.004972
2656 0.268041
2657 0.340845
2658 0.976747
2659 0.027924
2660 0.531854
2661 0.990686
2662 0.302345
2663 0.592136
2664 0.298567
2665 0.525038
2666 0.780326
2667 0.845948
2668 0.369085
2669 0.555433
2670 0.023343
2671 0.958263
2672 0.613287
2673 0.306429
2674 0.927957
2675 0.753695
2676 0.199214
2677 0.060991
2678 0.354110
2679 0.952111
2680 0.261448
2681 0.124345
2682 0.438205
2683 0.736907
2684 0.219177
2685 0.650718
2686 0.542697
2687 0.625454
2688 0.588985
2689 0.807584
2690 0.458038
2691 0.833266
2692 0.112911
2693 0.207536
2694 0.130517
2695 0.569340
2696 0.323737
2697 0.990871
2698 0.580159
2699 0.587443
2700 0.377283
2701 0.677669
2702 0.836937
2703 0.338253
2704 0.687030
2705 0.517530
2706 0.823424
2707 0.798680
2708 0.289856
2709 0.708757
2710 0.135147
2711 0.271688
2712 0.470090
2713 0.540661
2714 0.825773
2715 0.920962
2716 0.094535
2717 0.229495
2718 0.731996
2719 0.207230
2720 0.042287
2721 0.308721
2722 0.316671
2723 0.716925
2724 0.299291
2725 0.355743
2726 0.977838
2727 0.839586
2728 0.352870
2729 0.140670
2730 0.660134
2731 0.377942
2732 0.361595
2733 0.585968
2734 0.777648
2735 0.245203
2736 0.190037
2737 0.239569
2738 0.918453
2739 0.887657
2740 0.464224
2741 0.408305
2742 0.475871
2743 0.753413
2744 0.543816
2745 0.371251
2746 0.965794
2747 0.329333
2748 0.707823
2749 0.572328
2750 0.223261
2751 0.768250
2752 0.297679
2753 0.738722
2754 0.017709
2755 0.390424
2756 0.662033
2757 0.513099
2758 0.027675
2759 0.552233
2760 0.159550
2761 0.088679
2762 0.608739
2763 0.613224
2764 0.471438
2765 0.616562
2766 0.330933
2767 0.300897
2768 0.791879
2769 0.588464
2770 0.073160
2771 0.898511
2772 0.342936
2773 0.900160
2774 0.057813
2775 0.446948
2776 0.616464
2777 0.364044
2778 0.248440
2779 0.258068
2780 0.076581
2781 0.443448
2782 0.835918
2783 0.146598
2784 0.214598
2785 0.977447
2786 0.431701
2787 0.707319
2788 0.391132
2789 0.276010
2790 0.919192
2791 0.699643
2792 0.392959
2793 0.307969
2794 0.203264
2795 0.346319
2796 0.043072
2797 0.415924
2798 0.032101
2799 0.810350
2800 0.645402
2801 0.862415
2802 0.248471
2803 0.569386
2804 0.376073
2805 0.047741
2806 0.846760
2807 0.929966
2808 0.015319
2809 0.075269
2810 0.320315
2811 0.485046
2812 0.444559
2813 0.372548
2814 0.170885
2815 0.150906
2816 0.845772
2817 0.408445
2818 0.745600
2819 0.326485
2820 0.835416
2821 0.980946
2822 0.651929
2823 0.734113
2824 0.465697
2825 0.118793
2826 0.607422
2827 0.188607
2828 0.084542
2829 0.429436
2830 0.524486
2831 0.564932
2832 0.867150
2833 0.173762
2834 0.025135
2835 0.969566
2836 0.750531
2837 0.863100
2838 0.236516
2839 0.930784
2840 0.747502
2841 0.324459
2842 0.877642
2843 0.332814
2844 0.218351
2845 0.549692
2846 0.550767
2847 0.621377
2848 0.856815
2849 0.918250
2850 0.674379
2851 0.103910
2852 0.340755
2853 0.619283
2854 0.615947
2855 0.879204
2856 0.578090
2857 0.888505
2858 0.502697
2859 0.576069
2860 0.220156
2861 0.938688
2862 0.346414
2863 0.255820
2864 0.525733
2865 0.553064
2866 0.582301
2867 0.625499
2868 0.837752
2869 0.975926
2870 0.069120
2871 0.063206
2872 0.368569
2873 0.481923
2874 0.354031
2875 0.702219
2876 0.950240
2877 0.505843
2878 0.526195
2879 0.805609
2880 0.459630
2881 0.687694
2882 0.245630
2883 0.635819
2884 0.217608
2885 0.150581
2886 0.003600
2887 0.559334
2888 0.514595
2889 0.093832
2890 0.384159
2891 0.393092
2892 0.636138
2893 0.573033
2894 0.978346
2895 0.609614
2896 0.823065
2897 0.327313
2898 0.924716
2899 0.060218
2900 0.218536
2901 0.832851
2902 0.068590
2903 0.011669
2904 0.009377
2905 0.316838
2906 0.652505
2907 0.199113
2908 0.898505
2909 0.278421
2910 0.551820
2911 0.832151
2912 0.801130
2913 0.862323
2914 0.024052
2915 0.151132
2916 0.787064
2917 0.463216
2918 0.059917
2919 0.546364
2920 0.921858
2921 0.524516
2922 0.619439
2923 0.341514
2924 0.832970
2925 0.249499
2926 0.988770
2927 0.911509
2928 0.727931
2929 0.721578
2930 0.433050
2931 0.176421
2932 0.330847
2933 0.831194
2934 0.139631
2935 0.125277
2936 0.187712
2937 0.216933
2938 0.558459
2939 0.140600
2940 0.981183
2941 0.997462
2942 0.906229
2943 0.982198
2944 0.089922
2945 0.025037
2946 0.597958
2947 0.007235
2948 0.375892
2949 0.201497
2950 0.230080
2951 0.065294
2952 0.313371
2953 0.693904
2954 0.512073
2955 0.679966
2956 0.077420
2957 0.419354
2958 0.375953
2959 0.484066
2960 0.483297
2961 0.875722
2962 0.645481
2963 0.023596
2964 0.771961
2965 0.599030
2966 0.618573
2967 0.089785
2968 0.963957
2969 0.922600
2970 0.112148
2971 0.124424
2972 0.490402
2973 0.364557
2974 0.683129
2975 0.221659
2976 0.419434
2977 0.140199
2978 0.296076
2979 0.147290
2980 0.511564
2981 0.704284
2982 0.810725
2983 0.480551
2984 0.245816
2985 0.689218
2986 0.936612
2987 0.939767
2988 0.896179
2989 0.595598
2990 0.463830
2991 0.477397
2992 0.960938
2993 0.071233
2994 0.522038
2995 0.480290
2996 0.360108
2997 0.943334
2998 0.047111
2999 0.141059
3000 0.253163
3001 0.667241
3002 0.589026
3003 0.151866
3004 0.097930
3005 0.170112
3006 0.047457
3007 0.845173
3008 0.890593
3009 0.593374
3010 0.683481
3011 0.881760
3012 0.273582
3013 0.711940
3014 0.085639
3015 0.118609
3016 0.829511
3017 0.580985
3018 0.616440
3019 0.619677
3020 0.814818
3021 0.500020
3022 0.224873
3023 0.943150
3024 0.613419
3025 0.733489
3026 0.972048
3027 0.597543
3028 0.735528
3029 0.798263
3030 0.308020
3031 0.194666
3032 0.955248
3033 0.436574
3034 0.091467
3035 0.118833
3036 0.275176
3037 0.878811
3038 0.878078
3039 0.632891
3040 0.283583
3041 0.371969
3042 0.436570
3043 0.472886
3044 0.244899
3045 0.709914
3046 0.885230
3047 0.651124
3048 0.654169
3049 0.071807
3050 0.037486
3051 0.494979
3052 0.884081
3053 0.735727
3054 0.575543
3055 0.263694
3056 0.826677
3057 0.075832
3058 0.315079
3059 0.342225
3060 0.418961
3061 0.800058
3062 0.322789
3063 0.535116
3064 0.127043
3065 0.562817
3066 0.992113
3067 0.168515
3068 0.205513
3069 0.995324
3070 0.573956
3071 0.312796
3072 0.595011
3073 0.553787
3074 0.931387
3075 0.944032
3076 0.612004
3077 0.453890
3078 0.535642
3079 0.136547
3080 0.779376
3081 0.105004
3082 0.007491
3083 0.835778
3084 0.360840
3085 0.411572
3086 0.780804
3087 0.882793
3088 0.342036
3089 0.456817
3090 0.375324
3091 0.817879
3092 0.462593
3093 0.415759
3094 0.697021
3095 0.414960
3096 0.983476
3097 0.855343
3098 0.680217
3099 0.230780
3100 0.873522
3101 0.666120
3102 0.034886
3103 0.635633
3104 0.595557
3105 0.402424
3106 0.619232
3107 0.175631
3108 0.835658
3109 0.131811
3110 0.486646
3111 0.663016
3112 0.994652
3113 0.436253
3114 0.528571
3115 0.088947
3116 0.050209
3117 0.876070
3118 0.039960
3119 0.305602
3120 0.123962
3121 0.445204
3122 0.443900
3123 0.864479
3124 0.220069
3125 0.458089
3126 0.055068
3127 0.493289
3128 0.724316
3129 0.354844
3130 0.068861
3131 0.929615
3132 0.708751
3133 0.788792
3134 0.794454
3135 0.201518
3136 0.186535
3137 0.449062
3138 0.274062
3139 0.537790
3140 0.992061
3141 0.174754
3142 0.132833
3143 0.435008
3144 0.093373
3145 0.465602
3146 0.303071
3147 0.354488
3148 0.009772
3149 0.520679
3150 0.713547
3151 0.057328
3152 0.189521
3153 0.878538
3154 0.371585
3155 0.588321
3156 0.090693
3157 0.396069
3158 0.793434
3159 0.887370
3160 0.162634
3161 0.662289
3162 0.204661
3163 0.302298
3164 0.962434
3165 0.768348
3166 0.454143
3167 0.536162
3168 0.045684
3169 0.297985
3170 0.541651
3171 0.630704
3172 0.242177
3173 0.809381
3174 0.048505
3175 0.717018
3176 0.461114
3177 0.528079
3178 0.757980
3179 0.195098
3180 0.307530
3181 0.528248
3182 0.442053
3183 0.747496
3184 0.131018
3185 0.269616
3186 0.334432
3187 0.975110
3188 0.334400
3189 0.375323
3190 0.497983
3191 0.340798
3192 0.550560
3193 0.962896
3194 0.842319
3195 0.800828
3196 0.309521
3197 0.822958
3198 0.044820
3199 0.860296
3200 0.794707
3201 0.806060
3202 0.475683
3203 0.964759
3204 0.415186
3205 0.896285
3206 0.870234
3207 0.569490
3208 0.908548
3209 0.829036
3210 0.165366
3211 0.129286
3212 0.873244
3213 0.370296
3214 0.135166
3215 0.201246
3216 0.200864
3217 0.130321
3218 0.318444
3219 0.904496
3220 0.286170
3221 0.848358
3222 0.151845
3223 0.414995
3224 0.191360
3225 0.034307
3226 0.258420
3227 0.596081
3228 0.617533
3229 0.896552
3230 0.198092
3231 0.382497
3232 0.314392
3233 0.628084
3234 0.652850
3235 0.593195
3236 0.071814
3237 0.529529
3238 0.210758
3239 0.814004
3240 0.298967
3241 0.659465
3242 0.454218
3243 0.386826
3244 0.636600
3245 0.245405
3246 0.907282
3247 0.564021
3248 0.246795
3249 0.046896
3250 0.629873
3251 0.895332
3252 0.700641
3253 0.746280
3254 0.673935
3255 0.225022
3256 0.391279
3257 0.130710
3258 0.900046
3259 0.228836
3260 0.186268
3261 0.426138
3262 0.328683
3263 0.934098
3264 0.078046
3265 0.750012
3266 0.164868
3267 0.457375
3268 0.822982
3269 0.148291
3270 0.179030
3271 0.501266
3272 0.058868
3273 0.650519
3274 0.024563
3275 0.028630
3276 0.342769
3277 0.447852
3278 0.983341
3279 0.747160
3280 0.950302
3281 0.410407
3282 0.376083
3283 0.087008
3284 0.543609
3285 0.719980
3286 0.531978
3287 0.762608
3288 0.269249
3289 0.602366
3290 0.139770
3291 0.681563
3292 0.746635
3293 0.868018
3294 0.730832
3295 0.822083
3296 0.659261
3297 0.709469
3298 0.925478
3299 0.935088
3300 0.158700
3301 0.679892
3302 0.767840
3303 0.944310
3304 0.269924
3305 0.763165
3306 0.940521
3307 0.438784
3308 0.804107
3309 0.232208
3310 0.912918
3311 0.712619
3312 0.756059
3313 0.794558
3314 0.852570
3315 0.952646
3316 0.258304
3317 0.029001
3318 0.415014
3319 0.897637
3320 0.026596
3321 0.352037
3322 0.751000
3323 0.747859
3324 0.207496
3325 0.488317
3326 0.230271
3327 0.596835
3328 0.931224
3329 0.915769
3330 0.818710
3331 0.323974
3332 0.516549
3333 0.142602
3334 0.059563
3335 0.706871
3336 0.878330
3337 0.253928
3338 0.001752
3339 0.779700
3340 0.762932
3341 0.536387
3342 0.053810
3343 0.827380
3344 0.663977
3345 0.730865
3346 0.062023
3347 0.482696
3348 0.569708
3349 0.032316
3350 0.646739
3351 0.254404
3352 0.658730
3353 0.404701
3354 0.507518
3355 0.074055
3356 0.458720
3357 0.515741
3358 0.976101
3359 0.615969
3360 0.800578
3361 0.727844
3362 0.141150
3363 0.915362
3364 0.640662
3365 0.224247
3366 0.087710
3367 0.091393
3368 0.901376
3369 0.875957
3370 0.590471
3371 0.612913
3372 0.854661
3373 0.824547
3374 0.150012
3375 0.348111
3376 0.326006
3377 0.551101
3378 0.985150
3379 0.721839
3380 0.696812
3381 0.463731
3382 0.083782
3383 0.227911
3384 0.905438
3385 0.600437
3386 0.475496
3387 0.656693
3388 0.679412
3389 0.548621
3390 0.840134
3391 0.940440
3392 0.098167
3393 0.305436
3394 0.368162
3395 0.513289
3396 0.446831
3397 0.572602
3398 0.785572
3399 0.071978
3400 0.964522
3401 0.267635
3402 0.652905
3403 0.650086
3404 0.793333
3405 0.703633
3406 0.384860
3407 0.181162
3408 0.889708
3409 0.107957
3410 0.202589
3411 0.320582
3412 0.487227
3413 0.357793
3414 0.996481
3415 0.891823
3416 0.184111
3417 0.223233
3418 0.077614
3419 0.725531
3420 0.361433
3421 0.365981
3422 0.752221
3423 0.218098
3424 0.799292
3425 0.956895
3426 0.780318
3427 0.508609
3428 0.298728
3429 0.750261
3430 0.412522
3431 0.249623
3432 0.542123
3433 0.264608
3434 0.005747
3435 0.341191
3436 0.076475
3437 0.887513
3438 0.836447
3439 0.865961
3440 0.613756
3441 0.791831
3442 0.289015
3443 0.391220
3444 0.399913
3445 0.618737
3446 0.728084
3447 0.437554
3448 0.853633
3449 0.349656
3450 0.733020
3451 0.189408
3452 0.708116
3453 0.559548
3454 0.076339
3455 0.141669
3456 0.611424
3457 0.590761
3458 0.277231
3459 0.887538
3460 0.790354
3461 0.472176
3462 0.895534
3463 0.700002
3464 0.285464
3465 0.948389
3466 0.992613
3467 0.996354
3468 0.390781
3469 0.453147
3470 0.784616
3471 0.705902
3472 0.730216
3473 0.632483
3474 0.693974
3475 0.250795
3476 0.906798
3477 0.907726
3478 0.382941
3479 0.086405
3480 0.097447
3481 0.780714
3482 0.643799
3483 0.976125
3484 0.126573
3485 0.472033
3486 0.888413
3487 0.372670
3488 0.363733
3489 0.506498
3490 0.364037
3491 0.698067
3492 0.673013
3493 0.662878
3494 0.260534
3495 0.189654
3496 0.474376
3497 0.929130
3498 0.835938
3499 0.088776
3500 0.491069
3501 0.050167
3502 0.342770
3503 0.154018
3504 0.675437
3505 0.706327
3506 0.824726
3507 0.615809
3508 0.832798
3509 0.642738
3510 0.138229
3511 0.735406
3512 0.398992
3513 0.582098
3514 0.341833
3515 0.592274
3516 0.767649
3517 0.536689
3518 0.148586
3519 0.836851
3520 0.886265
3521 0.124548
3522 0.498642
3523 0.129006
3524 0.123217
3525 0.260542
3526 0.635114
3527 0.037776
3528 0.544551
3529 0.620877
3530 0.856932
3531 0.417465
3532 0.875828
3533 0.836029
3534 0.242749
3535 0.302096
3536 0.975965
3537 0.276513
3538 0.782853
3539 0.634286
3540 0.036972
3541 0.443131
3542 0.314037
3543 0.837374
3544 0.974503
3545 0.176221
3546 0.074297
3547 0.832248
3548 0.830523
3549 0.814717
3550 0.287115
3551 0.611098
3552 0.841827
3553 0.914653
3554 0.970975
3555 0.471207
3556 0.121818
3557 0.588871
3558 0.478709
3559 0.124429
3560 0.363883
3561 0.132444
3562 0.491576
3563 0.003577
3564 0.703429
3565 0.475543
3566 0.145188
3567 0.551665
3568 0.503156
3569 0.196550
3570 0.416001
3571 0.099641
3572 0.639553
3573 0.111684
3574 0.396667
3575 0.650168
3576 0.636452
3577 0.265130
3578 0.045033
3579 0.454023
3580 0.132010
3581 0.949188
3582 0.314504
3583 0.254177
3584 0.093154
3585 0.678102
3586 0.377171
3587 0.877617
3588 0.520613
3589 0.893630
3590 0.554023
3591 0.116359
3592 0.869409
3593 0.539137
3594 0.185864
3595 0.359890
3596 0.128275
3597 0.214219
3598 0.618473
3599 0.984160
3600 0.751484
3601 0.075700
3602 0.327406
3603 0.466592
3604 0.777635
3605 0.676712
3606 0.957164
3607 0.510181
3608 0.616696
3609 0.417271
3610 0.566399
3611 0.160723
3612 0.102333
3613 0.396937
3614 0.933605
3615 0.068364
3616 0.121381
3617 0.681187
3618 0.405610
3619 0.582444
3620 0.522415
3621 0.312434
3622 0.037312
3623 0.629623
3624 0.938062
3625 0.100424
3626 0.541198
3627 0.018595
3628 0.232440
3629 0.107684
3630 0.570371
3631 0.585784
3632 0.198284
3633 0.319784
3634 0.930562
3635 0.357822
3636 0.311777
3637 0.666564
3638 0.923364
3639 0.432533
3640 0.146051
3641 0.760460
3642 0.695399
3643 0.396874
3644 0.333742
3645 0.717005
3646 0.596831
3647 0.256633
3648 0.324094
3649 0.915784
3650 0.319823
3651 0.373750
3652 0.410775
3653 0.677572
3654 0.738671
3655 0.084853
3656 0.900597
3657 0.776550
3658 0.696557
3659 0.522735
3660 0.541851
3661 0.547186
3662 0.128152
3663 0.288218
3664 0.519838
3665 0.161302
3666 0.377979
3667 0.787817
3668 0.009653
3669 0.182723
3670 0.676499
3671 0.671916
3672 0.683252
3673 0.580967
3674 0.551388
3675 0.116178
3676 0.881353
3677 0.460898
3678 0.044652
3679 0.604363
3680 0.346940
3681 0.634461
3682 0.811009
3683 0.305431
3684 0.878776
3685 0.292107
3686 0.942840
3687 0.266413
3688 0.288317
3689 0.848654
3690 0.464062
3691 0.005327
3692 0.904754
3693 0.583736
3694 0.984197
3695 0.489217
3696 0.999838
3697 0.509759
3698 0.498379
3699 0.897860
3700 0.548876
3701 0.823406
3702 0.524640
3703 0.048470
3704 0.375911
3705 0.743038
3706 0.093232
3707 0.036456
3708 0.006075
3709 0.358809
3710 0.040524
3711 0.484316
3712 0.994705
3713 0.072204
3714 0.502913
3715 0.101582
3716 0.549501
3717 0.575510
3718 0.897144
3719 0.709550
3720 0.226343
3721 0.791269
3722 0.046919
3723 0.552598
3724 0.212664
3725 0.790470
3726 0.651368
3727 0.580164
3728 0.529091
3729 0.630360
3730 0.353221
3731 0.886663
3732 0.896653
3733 0.014149
3734 0.713950
3735 0.427207
3736 0.766100
3737 0.353408
3738 0.848778
3739 0.313513
3740 0.301770
3741 0.649656
3742 0.455426
3743 0.211451
3744 0.212433
3745 0.737539
3746 0.371819
3747 0.863393
3748 0.102313
3749 0.404286
3750 0.351284
3751 0.706627
3752 0.181217
3753 0.612811
3754 0.733796
3755 0.634518
3756 0.283472
3757 0.993044
3758 0.657386
3759 0.832585
3760 0.037719
3761 0.365364
3762 0.502636
3763 0.658339
3764 0.565427
3765 0.096126
3766 0.799937
3767 0.854430
3768 0.760457
3769 0.489704
3770 0.989922
3771 0.920884
3772 0.404321
3773 0.562769
3774 0.753497
3775 0.857378
3776 0.617075
3777 0.087759
3778 0.262284
3779 0.097438
3780 0.310844
3781 0.711935
3782 0.797651
3783 0.240631
3784 0.267997
3785 0.795268
3786 0.846126
3787 0.643780
3788 0.242464
3789 0.272824
3790 0.503962
3791 0.058776
3792 0.336079
3793 0.215412
3794 0.738782
3795 0.395862
3796 0.271278
3797 0.001982
3798 0.467473
3799 0.420745
3800 0.594719
3801 0.683466
3802 0.938066
3803 0.489570
3804 0.616732
3805 0.250549
3806 0.084659
3807 0.950101
3808 0.835870
3809 0.529322
3810 0.122342
3811 0.651170
3812 0.810643
3813 0.048920
3814 0.542938
3815 0.284136
3816 0.601222
3817 0.159105
3818 0.277709
3819 0.672679
3820 0.977745
3821 0.489118
3822 0.642944
3823 0.810780
3824 0.316267
3825 0.386972
3826 0.352273
3827 0.569655
3828 0.212772
3829 0.875460
3830 0.097719
3831 0.934947
3832 0.799657
3833 0.804294
3834 0.878041
3835 0.821520
3836 0.742073
3837 0.408125
3838 0.985132
3839 0.940847
3840 0.939063
3841 0.268371
3842 0.795973
3843 0.736716
3844 0.757231
3845 0.198833
3846 0.297339
3847 0.216808
3848 0.809831
3849 0.846691
3850 0.219177
3851 0.183586
3852 0.044678
3853 0.610735
3854 0.474685
3855 0.963851
3856 0.125971
3857 0.354189
3858 0.226134
3859 0.174316
3860 0.414654
3861 0.136500
3862 0.912595
3863 0.580159
3864 0.215949
3865 0.176564
3866 0.833300
3867 0.913794
3868 0.834268
3869 0.807129
3870 0.526235
3871 0.357253
3872 0.686377
3873 0.344010
3874 0.342965
3875 0.159115
3876 0.465748
3877 0.518182
3878 0.944396
3879 0.383880
3880 0.303358
3881 0.170985
3882 0.844585
3883 0.246776
3884 0.982601
3885 0.059751
3886 0.666457
3887 0.710143
3888 0.392767
3889 0.001251
3890 0.428056
3891 0.751952
3892 0.971465
3893 0.004839
3894 0.592138
3895 0.750461
3896 0.433920
3897 0.273384
3898 0.210374
3899 0.904294
3900 0.846654
3901 0.696336
3902 0.399673
3903 0.215303
3904 0.937444
3905 0.497020
3906 0.092994
3907 0.063530
3908 0.716787
3909 0.522959
3910 0.889760
3911 0.650297
3912 0.515436
3913 0.135455
3914 0.552188
3915 0.361770
3916 0.392050
3917 0.794542
3918 0.207816
3919 0.869095
3920 0.799485
3921 0.497572
3922 0.086252
3923 0.769505
3924 0.592496
3925 0.362116
3926 0.603918
3927 0.850330
3928 0.297850
3929 0.279080
3930 0.814201
3931 0.066776
3932 0.321573
3933 0.430979
3934 0.306750
3935 0.810792
3936 0.058841
3937 0.152540
3938 0.766540
3939 0.304407
3940 0.421437
3941 0.372970
3942 0.827810
3943 0.674016
3944 0.481608
3945 0.945340
3946 0.272725
3947 0.688391
3948 0.806290
3949 0.938634
3950 0.914395
3951 0.076341
3952 0.196618
3953 0.088135
3954 0.203332
3955 0.550787
3956 0.850551
3957 0.149377
3958 0.197479
3959 0.479613
3960 0.891465
3961 0.050219
3962 0.452724
3963 0.262577
3964 0.495468
3965 0.620824
3966 0.556566
3967 0.779407
3968 0.158311
3969 0.393493
3970 0.191709
3971 0.249861
3972 0.902724
3973 0.109748
3974 0.750254
3975 0.758680
3976 0.751492
3977 0.553415
3978 0.870071
3979 0.793251
3980 0.879189
3981 0.571178
3982 0.549775
3983 0.937500
3984 0.573695
3985 0.317612
3986 0.574521
3987 0.002471
3988 0.924123
3989 0.823738
3990 0.247687
3991 0.725878
3992 0.952960
3993 0.645845
3994 0.863179
3995 0.849980
3996 0.627578
3997 0.307414
3998 0.933524
3999 0.852001
4000 0.671027
4001 0.359954
4002 0.150650
4003 0.892889
4004 0.909172
4005 0.353915
4006 0.688825
4007 0.166558
4008 0.598503
4009 0.934307
4010 0.419005
4011 0.092343
4012 0.336979
4013 0.745926
4014 0.482430
4015 0.825881
4016 0.532329
4017 0.478302
4018 0.998081
4019 0.968655
4020 0.951779
4021 0.525751
4022 0.104689
4023 0.336553
4024 0.435529
4025 0.622197
4026 0.957871
4027 0.889779
4028 0.365243
4029 0.610849
4030 0.438763
4031 0.870564
4032 0.282186
4033 0.430725
4034 0.148865
4035 0.236604
4036 0.234662
4037 0.492807
4038 0.534944
